DmBraiPF	DmBraiYF	DmFaboPF	DmFaboYF	DmGutPF	DmGutYF	DmLipoPF	DmLipoYF	DmSaglPF	DmSaglYF	DmWidsPF	DmWidsYF
Brassicasterol	0.05820	0.52266	NA	0.29775	0.03044	1.35840	0.10485	2.51125	0.03727	0.15821	0.31785	0.84145
Campesterol	1.36516	0.43152	NA	0.26926	1.04736	1.49694	4.00897	2.57432	1.77046	0.13153	NA	NA
Cer 32:1:2	0.10105	0.09407	0.02180	0.03109	0.00725	0.00761	0.05050	0.02233	0.01676	0.01341	0.01693	0.01137
Cer 32:2:2	NA	NA	0.00264	0.00122	0.00228	0.00467	0.01290	0.00242	NA	NA	NA	NA
Cer 32:2:3	NA	NA	NA	NA	0.00140	0.00216	0.00376	NA	NA	NA	NA	NA
Cer 34:0:2	NA	NA	NA	NA	NA	NA	0.00766	0.00298	NA	NA	0.00526	0.00379
Cer 34:1:2	0.42093	0.40235	0.12149	0.14429	0.04529	0.06381	0.42401	0.13180	0.25290	0.27226	0.43096	0.39615
Cer 34:1:3	NA	NA	NA	NA	0.00680	0.00593	0.00367	0.00673	NA	NA	NA	NA
Cer 34:2:2	0.01678	0.00955	0.01462	0.00547	0.01556	0.03004	0.04913	0.00100	0.00366	0.00221	0.00522	0.00249
Cer 34:2:3	NA	NA	0.01936	0.00195	0.05990	0.04456	0.06765	0.00145	0.01044	0.00065	0.01224	0.00076
Cer 35:2:3	NA	NA	NA	NA	0.00576	0.00317	NA	NA	NA	NA	NA	NA
Cer 36:1:2	0.39775	0.38085	0.07231	0.16689	0.05769	0.06604	0.05511	0.13080	0.11539	0.15047	0.40123	0.46048
Cer 36:1:3	NA	NA	NA	NA	0.01189	0.01009	0.01730	0.00682	0.00930	0.00138	NA	NA
Cer 36:2:2	0.01552	0.00997	0.00973	0.00560	0.02570	0.03140	0.03853	0.00152	0.00550	0.00269	0.00977	0.00519
Cer 36:2:3	0.00570	NA	0.02774	0.00174	0.20433	0.12352	0.18605	0.00614	0.00510	0.00281	0.00348	0.00239
Cer 37:1:2	NA	NA	0.00516	0.00300	0.00332	0.00266	NA	NA	0.00237	0.00135	0.00783	0.00346
Cer 37:1:3	NA	NA	NA	NA	0.00168	0.00178	NA	NA	NA	NA	NA	NA
Cer 37:2:3	NA	NA	NA	NA	0.00834	0.00597	NA	NA	NA	NA	NA	NA
Cer 38:0:3	NA	NA	NA	NA	0.00390	0.00317	NA	NA	NA	NA	NA	NA
Cer 38:1:2	0.02829	0.03416	0.10226	0.02410	0.00989	0.01039	0.02859	0.08075	0.02421	0.02784	0.02084	0.06576
Cer 38:1:3	NA	NA	NA	NA	0.00856	0.00539	NA	NA	NA	NA	NA	NA
Cer 38:2:2	0.00169	0.01032	0.00735	0.00277	0.00659	0.00687	NA	NA	NA	0.00126	0.00461	0.00313
Cer 38:2:3	NA	NA	NA	NA	0.10394	0.06305	0.03021	0.00175	NA	NA	NA	NA
Cer 39:1:2	NA	NA	NA	NA	NA	NA	NA	NA	NA	NA	NA	0.00067
Cer 40:1:2	NA	NA	NA	NA	NA	NA	NA	NA	0.03533	0.02113	NA	NA
Cer 40:2:2	NA	NA	NA	NA	NA	NA	NA	NA	NA	0.00119	NA	NA
CerPE 32:1:2	0.78247	0.57559	NA	0.01471	0.07519	0.05808	0.20552	0.19567	0.09022	0.05725	0.12400	0.07659
CerPE 32:2:2	0.15135	0.09822	NA	NA	0.02490	0.04597	0.11096	0.07287	NA	NA	0.01694	0.01025
CerPE 32:2:3	NA	NA	NA	NA	0.01629	0.01091	NA	NA	NA	NA	NA	NA
CerPE 34:0:2	0.06258	0.03243	NA	NA	NA	NA	NA	NA	NA	NA	0.03499	0.02493
CerPE 34:1:2	2.17704	1.63016	0.27937	0.17351	0.32078	0.36833	0.26425	0.25532	1.14510	0.77836	1.88362	1.46958
CerPE 34:1:3	NA	NA	NA	NA	0.05390	0.02564	NA	NA	NA	NA	NA	NA
CerPE 34:2:2	0.65890	0.33371	0.24583	0.04671	0.23003	0.29705	0.16387	0.11035	0.14041	0.03294	0.12623	0.06496
CerPE 34:2:3	NA	NA	0.03402	NA	0.50397	0.23940	0.06344	NA	NA	NA	0.01259	0.00353
CerPE 35:1:2	0.01830	0.00326	NA	NA	NA	NA	NA	NA	NA	NA	0.01174	0.01535
CerPE 36:0:2	NA	NA	NA	NA	NA	NA	NA	NA	NA	NA	0.01165	0.01193
CerPE 36:1:2	2.03119	1.32643	0.05663	0.19794	0.29769	0.38825	0.04689	0.10510	0.63030	0.35391	1.46050	1.51532
CerPE 36:1:3	NA	NA	NA	NA	0.12430	0.05931	NA	NA	NA	NA	NA	NA
CerPE 36:2:2	0.49690	0.21354	0.06688	0.00588	0.25636	0.30831	0.04559	0.02191	0.06706	0.01476	0.07369	0.03784
CerPE 36:2:3	NA	NA	0.16535	0.02741	1.40464	0.60049	0.11112	0.03593	0.08347	0.01393	NA	NA
CerPE 38:1:2	0.19590	0.10763	NA	NA	0.02852	0.04640	NA	NA	0.03924	0.01733	0.13424	0.14079
CerPE 38:1:3	NA	NA	NA	NA	0.04819	0.03343	NA	NA	NA	NA	NA	NA
CerPE 38:2:2	0.09575	0.03697	0.02401	NA	0.08123	0.06892	0.09825	0.01939	NA	NA	0.01515	0.01207
CerPE 38:2:3	NA	NA	0.01561	0.03226	0.58451	0.26720	0.05233	0.02086	0.02808	0.01326	0.01882	0.01197
CerPE 40:1:2	NA	NA	NA	NA	NA	NA	NA	NA	NA	0.00772	NA	NA
DAG 24:0	0.00677	0.00690	0.07877	0.02501	0.01087	0.01499	2.24950	0.85488	0.04061	0.00790	0.15476	0.03334
DAG 24:1	NA	NA	0.03116	0.00624	NA	NA	0.13916	0.09822	NA	NA	0.00731	0.00137
DAG 25:0	NA	NA	NA	NA	NA	NA	1.20750	0.60382	NA	NA	0.11199	0.02240
DAG 25:1	NA	NA	NA	NA	NA	NA	0.12328	0.08910	NA	NA	NA	NA
DAG 26:0	0.17616	0.10854	0.85993	0.24129	0.15482	0.10742	28.40346	11.91218	0.44590	0.18292	0.84602	0.50724
DAG 26:1	0.08365	0.06035	0.15477	0.12168	0.07167	0.05487	14.95427	6.54966	0.29168	0.09488	0.41863	0.29852
DAG 26:2	NA	NA	NA	NA	NA	NA	1.65237	0.81880	0.01604	0.00686	0.14130	0.02778
DAG 27:0	0.05722	0.04925	0.26144	0.10338	0.05144	0.05355	8.30278	5.90701	0.22501	0.06468	0.26536	0.24048
DAG 27:1	0.03384	0.05217	0.04051	0.04856	0.02787	0.02899	6.02023	3.95245	0.17421	0.03980	0.18410	0.17224
DAG 27:2	NA	NA	NA	NA	NA	NA	0.84293	0.42633	NA	NA	0.01832	0.01206
DAG 28:0	0.35804	0.22451	1.76162	0.51520	0.37320	0.23109	48.36047	22.88984	1.00710	0.39341	1.67228	0.95509
DAG 28:1	0.50322	0.37144	1.03936	0.89413	0.35110	0.29999	67.76919	42.24402	1.15093	1.04303	2.22470	1.86791
DAG 28:2	0.45752	0.23791	0.47943	0.47554	0.26335	0.14739	64.83200	27.20729	1.01102	0.51457	2.11486	1.25272
DAG 28:3	0.06105	NA	NA	NA	0.04190	0.00087	11.43675	0.16005	0.22833	NA	0.33100	0.00262
DAG 28:4	NA	NA	NA	NA	NA	NA	0.59964	NA	NA	NA	0.01013	NA
DAG 29:0	0.02647	0.02846	NA	NA	NA	NA	2.33472	1.63964	NA	NA	0.08625	0.06276
DAG 29:1	0.02332	0.03955	0.04194	0.07152	NA	NA	4.24192	3.11131	0.20796	0.03094	0.13696	0.11802
DAG 29:2	0.00854	0.00676	NA	NA	NA	NA	2.22253	1.00595	0.08462	0.00392	0.06658	0.03330
DAG 30:0	NA	NA	NA	NA	NA	NA	NA	NA	NA	NA	0.06500	0.02367
DAG 30:1	0.03331	0.12662	1.48976	0.75478	0.05469	0.11100	2.41740	4.17939	0.19560	0.19630	0.08626	0.19733
DAG 30:2	0.01863	0.05627	0.27065	0.18288	0.02694	0.04915	2.12571	3.66586	0.08544	0.07226	0.05704	0.12062
DAG 30:3	0.03092	NA	NA	NA	0.01511	0.00189	4.08879	0.13168	0.14847	NA	0.09592	0.00087
DAG 30:4	NA	NA	NA	NA	NA	NA	0.90562	0.01488	NA	NA	0.08716	NA
DAG 31:0	0.02391	0.01804	NA	NA	NA	NA	NA	NA	NA	NA	NA	NA
DAG 31:1	0.00654	0.01300	0.31353	0.08921	NA	NA	NA	NA	0.04073	0.01783	NA	NA
DAG 32:0	NA	NA	NA	NA	0.09450	0.05333	NA	NA	NA	NA	NA	NA
DAG 32:1	0.07152	0.26555	3.16195	0.95475	0.10417	0.18804	1.46621	2.47773	0.31725	0.33871	0.19188	0.25371
DAG 32:2	0.06205	0.17804	1.91200	0.69440	0.11632	0.12105	1.50666	2.61438	0.24975	0.23848	0.17971	0.18572
DAG 32:3	NA	NA	1.36716	0.07848	0.12614	0.03277	0.76714	0.25699	0.57649	0.10058	0.13321	0.03061
DAG 32:4	NA	NA	NA	NA	NA	NA	0.14489	0.03391	NA	NA	NA	NA
DAG 33:1	0.00966	0.01634	0.44506	0.08884	NA	NA	NA	NA	0.05411	0.02000	NA	NA
DAG 33:2	NA	NA	0.17258	0.01076	NA	NA	NA	NA	NA	NA	NA	NA
DAG 34:1	0.14256	0.24583	2.98768	0.76025	0.34341	0.23485	1.12630	1.66812	0.49314	0.31881	0.22982	0.18349
DAG 34:2	0.19282	0.22867	2.19758	0.49475	0.59494	0.12445	1.32257	1.10709	0.45500	0.19795	0.30109	0.19698
DAG 34:3	0.27697	0.03855	0.99390	0.02328	0.12136	0.01936	0.76024	0.20050	0.19725	0.01480	0.17365	0.02945
DAG 34:4	0.07461	0.00299	0.33151	NA	0.02223	0.00096	0.33392	0.01517	0.04048	NA	0.05166	NA
DAG 35:0	NA	NA	NA	NA	0.02468	0.01066	NA	NA	NA	NA	NA	NA
DAG 35:1	0.00675	0.00552	NA	NA	0.02028	0.02647	NA	NA	NA	NA	NA	NA
DAG 35:2	NA	NA	NA	NA	0.01739	0.00791	NA	NA	NA	NA	NA	NA
DAG 36:1	NA	NA	0.51883	0.05200	0.13786	0.06934	0.10717	0.70881	0.27109	0.04201	0.06963	0.02179
DAG 36:2	0.07834	0.09556	0.24739	0.06996	0.57576	0.06621	0.18192	0.41777	0.12572	0.04915	0.10006	0.06256
DAG 36:3	0.16728	0.02852	0.31215	0.00930	1.25788	0.01769	0.29188	0.08471	0.11296	0.00653	0.15825	0.02462
DAG 36:4	0.19926	0.00928	0.25741	0.00346	1.54514	0.00521	0.28818	0.02825	0.09521	NA	0.18782	0.00805
DAG 36:5	0.14699	NA	NA	NA	0.22601	NA	NA	NA	NA	NA	NA	NA
DAG 36:6	0.02149	NA	NA	NA	NA	NA	NA	NA	NA	NA	NA	NA
DAG 38:1	0.04189	0.03358	NA	NA	0.07309	0.05547	NA	NA	NA	NA	0.07294	0.01123
DAG 38:2	0.00836	0.00832	NA	NA	0.04447	0.00733	NA	NA	NA	NA	0.02764	0.00338
Ergosterol	0.01379	1.31250	NA	0.48208	0.01063	4.57880	NA	3.53722	NA	0.15203	NA	1.80931
HexCer 34:1:2	NA	NA	NA	NA	NA	0.00325	NA	NA	NA	NA	NA	NA
HexCer 34:2:3	NA	NA	NA	NA	0.00383	0.02970	NA	NA	NA	NA	NA	NA
HexCer 36:1:2	NA	NA	NA	NA	NA	0.00269	NA	NA	NA	NA	NA	NA
HexCer 36:2:2	NA	NA	NA	NA	0.00702	0.00329	NA	NA	NA	NA	NA	NA
HexCer 36:2:3	NA	NA	NA	NA	0.03275	0.03382	NA	NA	NA	NA	NA	NA
HexCer 38:2:3	NA	NA	NA	NA	0.01866	0.01015	NA	NA	NA	NA	NA	NA
Lanosterol	NA	NA	NA	NA	0.01441	0.02006	NA	NA	NA	NA	NA	NA
PA 32:1	NA	NA	NA	NA	NA	NA	NA	NA	NA	NA	NA	0.02571
PA 34:1	NA	NA	NA	NA	0.13669	0.19133	NA	NA	NA	NA	NA	0.07192
PA 34:2	NA	NA	NA	NA	0.04262	0.05874	NA	NA	NA	NA	NA	0.03045
PA 36:2	NA	NA	NA	NA	0.01814	0.02187	NA	NA	NA	NA	NA	NA
PA 40:5	NA	NA	NA	NA	NA	0.03597	NA	NA	NA	NA	NA	NA
PC 24:0	NA	NA	NA	NA	NA	NA	NA	NA	0.01371	0.01650	NA	NA
PC 26:0	NA	NA	0.03224	0.06987	0.03138	0.03246	0.02046	0.02864	0.13251	0.10079	0.01038	0.01725
PC 26:1	0.01375	0.06480	NA	NA	NA	NA	NA	NA	NA	NA	NA	NA
PC 28:0	0.02118	0.01717	0.11798	0.08880	0.24163	0.14361	0.08213	0.03431	0.12151	0.09661	0.06641	0.04814
PC 28:1	0.00849	0.03286	0.14986	0.33168	0.18479	0.43879	0.06343	0.19097	0.11452	0.36718	0.02955	0.11106
PC 28:2	NA	NA	NA	NA	0.06169	0.10560	NA	NA	0.01091	0.03692	0.00270	0.00398
PC 30:0	0.10975	0.04938	0.13939	0.03819	0.32627	0.19398	0.07885	0.01751	0.13931	0.06997	0.13446	0.06179
PC 30:1	0.10078	0.55700	1.90716	2.36610	0.82394	2.42462	0.54255	1.26429	0.71592	1.79796	0.32798	1.40956
PC 30:2	0.02084	0.06445	0.33379	0.27146	0.46305	0.70723	0.18797	0.12097	0.28613	0.44883	0.07946	0.12002
PC 30:3	NA	NA	NA	NA	0.10071	0.01960	0.04242	0.03539	NA	NA	NA	NA
PC 32:0	0.28082	NA	NA	NA	0.07921	0.00418	0.03771	NA	0.05825	0.00158	0.08115	NA
PC 32:1	0.73351	2.99138	4.38279	2.92322	1.69700	4.64248	1.33499	1.92487	2.08553	4.09780	1.07590	2.92440
PC 32:2	0.54907	2.27960	3.43995	3.44860	2.44281	4.26575	0.88409	1.51760	3.04326	4.58168	1.44861	2.88588
PC 32:3	0.17814	0.01891	0.42273	0.01529	0.43021	0.07322	0.10794	0.00799	0.43211	0.04334	0.15647	0.02121
PC 32:4	NA	NA	NA	NA	0.12873	0.15290	0.03229	0.09172	0.05157	0.12223	0.01917	0.08946
PC 34:0	0.04443	NA	NA	NA	NA	NA	NA	NA	NA	NA	NA	NA
PC 34:1	1.27307	2.16772	3.64436	2.24104	1.26396	3.05441	1.10760	1.17400	1.95527	1.97262	0.80869	1.06776
PC 34:2	3.16104	3.32272	5.70752	2.57054	4.05346	5.05868	1.49547	1.11157	8.87767	4.75476	4.57459	2.65625
PC 34:3	2.29118	0.41527	2.26612	0.23440	2.13501	0.52195	0.38700	0.07846	4.21541	0.61123	2.19953	0.48682
PC 34:4	0.40879	0.17048	0.50791	0.27642	0.62127	0.29548	0.06818	0.08152	0.55465	0.25659	0.27247	0.17955
PC 34:5	0.03724	0.13183	0.33700	0.38747	0.17056	0.27979	0.10617	0.11996	0.22563	0.30787	0.06912	0.18607
PC 36:2	0.62185	1.17574	0.96424	0.46044	1.05126	1.71768	NA	NA	0.59173	0.84990	0.26435	0.60187
PC 36:3	1.63638	0.33955	0.99060	0.04247	2.47495	0.37395	NA	NA	2.02334	0.26451	1.04820	0.28779
PC 36:4	1.99667	0.13808	0.94834	0.16215	2.75624	0.18621	NA	NA	3.88179	0.11912	2.30297	0.06882
PC 36:5	0.71917	0.07702	NA	NA	0.24775	0.17526	0.01796	0.00568	0.45389	0.14202	0.53030	0.16465
PC 38:2	NA	NA	NA	0.04258	NA	NA	NA	NA	NA	NA	NA	NA
PC 38:5	0.02593	0.05109	NA	NA	0.04208	0.09521	NA	NA	0.01535	0.04278	0.00405	0.02640
PC 38:6	NA	NA	NA	NA	NA	NA	NA	NA	NA	NA	0.02466	0.00362
PC 38:7	0.08797	0.00129	NA	NA	0.14996	0.00049	NA	NA	NA	NA	0.11572	0.00057
PC_O 32:1	NA	0.00417	NA	NA	NA	NA	NA	NA	NA	NA	NA	NA
PC_O 34:1	0.00052	0.00427	NA	NA	NA	NA	NA	NA	NA	NA	NA	NA
PE 26:0	NA	NA	NA	0.15909	NA	NA	NA	0.17933	NA	NA	NA	NA
PE 28:0	NA	NA	NA	0.07781	0.07228	0.01788	NA	0.07461	0.02830	0.03547	0.05814	0.04723
PE 28:1	NA	NA	NA	0.28887	0.01395	0.03757	0.09992	0.20736	NA	0.07788	0.00464	0.03913
PE 30:0	0.08849	0.06105	NA	NA	0.17615	0.09795	0.03525	0.01722	0.19567	0.12402	0.45663	0.21666
PE 30:1	0.03922	0.35279	1.15583	2.71147	0.16115	0.37875	0.53958	3.01439	0.25456	1.07932	0.23282	0.57770
PE 30:2	NA	0.00650	NA	0.04463	0.02923	0.03738	NA	0.06757	NA	0.06031	NA	NA
PE 31:1	NA	NA	NA	0.16264	NA	NA	NA	NA	NA	NA	NA	NA
PE 32:0	0.20159	0.08211	NA	NA	0.48967	0.43134	0.13026	NA	0.18149	0.03661	0.30837	0.10169
PE 32:1	0.61613	5.06675	9.23641	17.80205	1.48100	2.98106	7.32509	22.04653	2.77279	8.25895	2.79255	8.29162
PE 32:2	0.18469	1.57173	5.39016	5.53358	0.75953	1.64964	3.44889	3.45592	1.33837	2.29084	0.75144	2.38497
PE 32:3	0.08633	0.01176	NA	NA	0.08003	0.00739	0.58481	0.02362	0.06200	0.00572	0.07434	0.01980
PE 32:4	NA	0.04788	NA	NA	0.01309	0.05089	0.03404	0.42835	0.01415	0.14467	0.01779	0.09589
PE 33:1	NA	NA	0.29525	0.31499	NA	NA	NA	NA	NA	NA	NA	NA
PE 33:2	NA	NA	NA	0.05521	NA	NA	NA	NA	NA	NA	NA	NA
PE 34:1	8.10707	11.61769	10.40628	13.23802	7.29318	6.98210	11.26025	21.19646	11.06412	11.88243	10.49339	10.17078
PE 34:2	3.99151	5.08701	19.66330	12.70056	5.78063	4.62765	24.12874	7.89880	12.60551	5.24497	8.16840	5.15721
PE 34:3	4.05263	0.94746	4.65971	0.20933	1.89544	0.33785	4.88950	0.76866	1.76281	0.41435	1.58760	0.61473
PE 34:4	0.14548	0.78853	NA	NA	0.23156	0.47038	1.07698	4.09310	0.39060	1.28046	0.38789	0.85074
PE 34:5	0.01127	0.21041	NA	NA	0.11341	0.25459	0.45765	0.51212	0.19154	0.30969	0.09972	0.20640
PE 35:1	NA	NA	0.10914	0.07513	NA	NA	NA	NA	NA	NA	NA	NA
PE 35:2	NA	NA	NA	0.05216	NA	NA	NA	NA	NA	NA	NA	NA
PE 36:0	0.07923	NA	NA	NA	0.11484	0.11352	0.09423	NA	NA	NA	NA	NA
PE 36:1	2.55060	3.16225	NA	0.04265	1.65252	1.99532	NA	NA	NA	NA	0.74362	0.88251
PE 36:2	3.57734	5.45688	2.92446	5.15560	4.37245	4.02020	2.59926	4.98230	2.19156	3.21296	2.51558	2.58840
PE 36:3	5.31541	0.99995	3.96185	0.09432	4.41237	0.58862	2.61551	0.90044	2.48566	0.36554	2.36488	0.77107
PE 36:4	3.01668	2.16241	1.52656	NA	4.16689	1.28113	2.08156	3.86253	2.03031	1.89742	2.91698	2.31469
PE 36:5	0.80496	0.77475	NA	NA	1.03078	0.79181	3.86193	1.24119	1.91109	0.73564	1.28622	0.70007
PE 36:6	0.52317	0.12455	NA	NA	0.27987	0.04083	0.65437	0.09608	0.23407	0.04532	0.20350	0.06932
PE 38:1	0.11374	0.17842	NA	NA	0.56052	0.66876	NA	NA	0.10644	0.09803	0.03920	0.09022
PE 38:2	0.39887	0.24610	NA	NA	0.97791	0.29223	NA	NA	0.61137	0.16343	0.52934	0.25406
PE 38:3	0.31132	0.03766	NA	NA	0.20747	0.03837	NA	NA	0.24288	0.01780	0.18988	0.05477
PE 38:4	0.33363	0.44819	NA	NA	0.22737	0.21291	NA	NA	0.03772	0.03699	0.08234	0.07164
PE 38:5	0.40307	0.76187	NA	NA	0.61305	0.65585	NA	NA	0.12084	0.33479	0.23160	0.32498
PE 38:6	0.68300	0.13032	NA	NA	0.69319	0.07204	NA	NA	0.31677	0.03255	0.29188	0.08608
PE 40:2	NA	NA	NA	NA	0.14001	0.08716	NA	NA	NA	NA	NA	NA
PE 40:4	NA	NA	NA	NA	0.08697	0.07393	NA	NA	NA	NA	NA	NA
PE 40:5	NA	NA	NA	NA	0.10093	0.01456	NA	NA	NA	NA	NA	NA
PE 40:6	NA	NA	NA	NA	0.05715	0.01625	NA	NA	NA	NA	NA	NA
PE 40:7	0.00820	0.04911	NA	NA	NA	NA	NA	NA	NA	NA	NA	NA
PE 40:8	0.03404	0.10392	NA	NA	NA	NA	NA	NA	NA	NA	NA	NA
PE 40:9	0.07532	0.00514	NA	NA	NA	NA	NA	NA	NA	NA	NA	NA
PE_O 32:1	NA	0.03843	NA	NA	NA	NA	NA	NA	NA	NA	NA	NA
PE_O 34:1	0.04544	1.41403	NA	NA	NA	NA	NA	NA	NA	NA	NA	NA
PE_O 34:3	0.06378	0.00747	NA	NA	NA	NA	NA	NA	NA	NA	NA	NA
PE_O 36:1	0.43572	1.24342	NA	NA	NA	NA	NA	NA	NA	NA	NA	NA
PE_O 36:2	0.75492	0.90103	NA	NA	NA	NA	NA	NA	NA	NA	NA	NA
PE_O 36:3	5.51630	0.87344	NA	NA	NA	NA	NA	NA	NA	NA	NA	NA
PE_O 36:4	0.04291	0.18931	NA	NA	NA	NA	NA	NA	NA	NA	NA	NA
PE_O 38:1	0.05782	0.13109	NA	NA	NA	NA	NA	NA	NA	NA	NA	NA
PE_O 38:3	0.49087	0.09410	NA	NA	NA	NA	NA	NA	NA	NA	NA	NA
PE_O 38:4	0.04693	0.17048	NA	NA	NA	NA	NA	NA	NA	NA	NA	NA
PE_O 38:5	0.09035	0.11973	NA	NA	NA	NA	NA	NA	NA	NA	NA	NA
PE_O 38:6	0.72761	0.12559	NA	NA	NA	NA	NA	NA	NA	NA	NA	NA
PG 30:1	NA	NA	NA	0.01441	NA	NA	NA	NA	NA	NA	NA	0.00660
PG 32:1	NA	0.07833	0.05152	0.16131	0.01985	0.11103	NA	NA	NA	0.03417	0.00793	0.14099
PG 32:2	NA	0.02673	NA	0.03519	0.01817	0.05156	NA	NA	NA	0.01791	NA	0.05199
PG 34:1	0.08149	0.05239	0.05752	0.18138	0.06919	0.11518	NA	NA	NA	0.02482	0.04835	0.05370
PG 34:2	0.03141	0.04961	NA	0.03687	0.13396	0.06498	NA	NA	0.01752	0.04533	0.11352	0.12562
PG 34:3	0.04193	NA	NA	NA	0.02993	NA	NA	NA	NA	NA	0.01468	NA
PG 36:2	0.00617	NA	NA	NA	NA	0.00813	NA	NA	NA	NA	NA	0.00674
PG 36:3	NA	NA	NA	NA	0.00889	NA	NA	NA	NA	NA	0.00912	0.00690
PG 36:4	0.00912	NA	NA	NA	0.02374	NA	NA	NA	NA	NA	NA	NA
PI 28:0	NA	NA	NA	NA	0.11032	0.11972	NA	NA	NA	NA	NA	NA
PI 28:1	NA	NA	NA	0.09625	0.02389	0.24019	NA	NA	NA	NA	NA	NA
PI 30:1	NA	0.17249	0.17588	2.36461	0.13551	1.35606	NA	NA	NA	0.49256	NA	0.67369
PI 30:2	NA	NA	0.25541	0.05705	0.16832	0.29993	NA	NA	NA	0.04779	NA	NA
PI 31:1	NA	NA	NA	NA	NA	0.20708	NA	NA	NA	NA	NA	NA
PI 32:1	0.04003	1.68507	0.62244	10.49736	0.38356	6.06005	NA	0.90678	0.09231	3.38459	0.03877	4.26791
PI 32:2	0.01766	0.91115	3.59925	2.99154	1.14733	4.07050	NA	0.10158	0.21991	3.12895	0.08920	2.49046
PI 32:3	NA	NA	NA	NA	0.23946	0.01101	NA	NA	NA	NA	NA	NA
PI 32:4	NA	NA	NA	NA	0.03183	0.03755	NA	NA	NA	NA	NA	NA
PI 33:1	NA	NA	NA	0.11975	NA	0.23048	NA	NA	NA	NA	NA	NA
PI 33:2	NA	NA	NA	NA	0.14208	0.06385	NA	NA	NA	NA	NA	NA
PI 34:1	0.02496	0.88944	NA	3.04410	NA	1.48549	NA	0.34408	0.07919	1.44212	NA	1.28377
PI 34:2	0.73926	4.25367	9.85227	3.91750	6.13244	6.98171	0.13359	0.15856	3.32463	16.61715	1.66453	14.29308
PI 34:3	1.96013	0.54661	1.54457	0.14655	1.60330	0.41469	NA	NA	2.03000	0.77826	1.23981	0.65368
PI 34:4	0.26310	0.19948	NA	0.42026	0.29018	0.20681	NA	NA	0.22539	0.21229	0.11263	0.20440
PI 34:5	NA	NA	NA	0.10054	0.03930	0.13484	NA	NA	NA	0.09642	NA	0.07909
PI 35:1	NA	NA	NA	NA	NA	0.05675	NA	NA	NA	NA	NA	NA
PI 35:2	NA	NA	NA	NA	0.13238	0.04505	NA	NA	NA	NA	NA	NA
PI 36:1	NA	NA	NA	NA	NA	0.25268	NA	NA	NA	NA	NA	NA
PI 36:2	0.22067	0.66071	NA	0.43337	1.15204	1.14092	NA	NA	0.75915	1.18592	0.75787	1.17400
PI 36:3	1.55745	0.86862	0.90126	0.14011	4.54312	0.58220	NA	NA	5.00624	2.87663	2.76799	2.24872
PI 36:4	2.57676	0.53081	NA	0.12328	1.75518	0.17105	NA	NA	2.84073	0.61254	1.43842	0.30906
PI 36:5	0.61891	0.15037	0.33125	0.11028	0.48652	0.19566	NA	NA	1.19435	0.50436	NA	NA
PI 36:6	0.30011	NA	NA	NA	NA	NA	NA	NA	NA	NA	NA	NA
PI 38:4	NA	NA	NA	NA	NA	0.12767	NA	NA	NA	NA	NA	NA
PI 38:5	NA	NA	NA	NA	0.02261	0.09509	NA	NA	NA	NA	NA	NA
PI 38:6	NA	NA	NA	NA	0.11687	0.01364	NA	NA	NA	NA	NA	NA
PI 38:7	NA	NA	NA	NA	0.04271	NA	NA	NA	NA	NA	NA	NA
PS 28:0	NA	NA	NA	NA	0.79714	0.31420	NA	NA	2.00093	0.58534	NA	NA
PS 30:1	NA	NA	NA	NA	NA	NA	NA	NA	NA	0.03357	NA	NA
PS 32:1	0.03530	0.40391	NA	0.10064	0.11244	0.22955	NA	NA	NA	0.36473	0.15598	0.70275
PS 32:2	NA	0.13914	NA	NA	0.24858	0.05639	NA	NA	NA	0.07399	NA	0.21466
PS 34:1	0.99340	1.57924	NA	0.21323	1.03434	1.00957	NA	NA	0.66365	0.67654	1.57039	2.07681
PS 34:2	0.58471	4.03989	0.53161	1.10619	0.53898	1.50325	NA	NA	1.39250	1.99068	1.40076	4.29977
PS 34:3	0.43681	0.10101	NA	NA	NA	NA	NA	NA	NA	NA	0.21290	0.03106
PS 36:1	1.35199	1.16092	NA	NA	1.79920	0.96459	NA	NA	0.12546	0.06625	0.58067	0.26299
PS 36:2	5.06644	11.59894	0.78652	2.37489	5.02945	7.03546	NA	NA	1.87561	2.89302	4.87203	13.29027
PS 36:3	6.01520	0.85782	0.97434	NA	1.92030	0.16951	NA	NA	2.00169	0.13832	3.85768	0.48841
PS 36:4	3.78516	0.67282	NA	NA	0.32343	0.02145	NA	NA	0.32141	NA	1.30288	0.10478
PS 36:5	1.01543	0.11557	NA	NA	NA	NA	NA	NA	NA	NA	NA	NA
PS 36:6	0.99499	NA	NA	NA	NA	NA	NA	NA	NA	NA	NA	NA
PS 38:1	NA	NA	NA	NA	0.78846	0.26919	NA	NA	NA	0.06383	NA	NA
PS 38:2	NA	NA	NA	NA	0.85883	0.02093	NA	NA	NA	NA	NA	NA
PS 38:4	0.37401	0.06624	NA	NA	NA	NA	NA	NA	NA	NA	NA	NA
PS 38:7	0.12175	NA	NA	NA	NA	NA	NA	NA	NA	NA	NA	NA
ST 1:0:0	NA	NA	NA	NA	0.01842	NA	NA	NA	NA	NA	NA	NA
ST 1:1:0	NA	NA	NA	NA	NA	NA	NA	NA	NA	NA	7.31559	0.58281
ST 1:4:0	NA	0.01969	NA	NA	NA	0.05409	NA	NA	NA	NA	NA	0.03352
ST 2:0:0	0.02008	NA	NA	NA	0.18308	NA	0.15493	NA	NA	NA	NA	NA
Sitosterol	2.86725	0.13243	1.03140	0.06030	6.52536	0.14603	18.32112	0.97461	2.22059	0.06163	15.73750	0.13893
Stigmasterol	0.44562	0.03714	0.25611	NA	1.55753	0.06008	3.01733	0.17764	0.37922	0.02688	2.54785	0.03847
TAG 38:0	0.02449	0.03748	3.01313	1.07915	0.05083	0.04397	0.11891	0.17499	0.64338	0.53498	NA	NA
TAG 38:1	0.00569	0.01450	0.98793	0.52583	0.02200	0.01986	0.05528	0.09342	0.15463	0.23148	NA	NA
TAG 38:2	NA	NA	NA	NA	NA	NA	0.02102	0.03068	0.05940	0.04200	NA	NA
TAG 39:0	NA	NA	1.96127	0.30348	NA	NA	0.04915	0.07183	0.32827	0.15478	NA	NA
TAG 39:1	NA	NA	0.44312	0.15694	NA	NA	0.03402	0.05617	0.08451	0.07982	NA	NA
TAG 40:0	0.08160	0.15727	12.75050	4.01182	0.24585	0.22132	0.34369	0.34413	2.49192	2.06461	0.33086	0.20160
TAG 40:1	0.02437	0.06469	4.09515	1.95050	0.14086	0.16981	0.25281	0.31888	0.70632	0.98395	0.11249	0.10699
TAG 40:2	0.00765	0.01504	1.09013	0.43807	0.06347	0.07373	0.16564	0.14998	0.23246	0.21491	0.04873	0.02769
TAG 40:3	NA	NA	NA	NA	NA	NA	0.03736	0.01954	NA	NA	NA	NA
TAG 41:0	0.02917	0.02902	6.01597	0.82795	0.08623	0.09903	0.10493	0.11944	1.03797	0.44887	0.14088	0.03664
TAG 41:1	0.00886	0.01773	1.75285	0.51330	0.05833	0.11282	0.10083	0.15004	0.27690	0.26362	0.04601	0.02906
TAG 41:2	NA	NA	NA	NA	0.03142	0.04592	0.09381	0.09308	0.11235	0.06371	NA	NA
TAG 42:0	0.12836	0.26443	16.97645	5.19850	0.41262	0.53383	0.39670	0.38084	3.68767	3.14548	0.31138	0.31757
TAG 42:1	0.08322	0.26791	15.53606	6.59297	0.49598	0.77121	0.57438	0.66791	2.16400	3.13261	0.23205	0.48028
TAG 42:2	0.03661	0.07051	4.99470	1.74134	0.31438	0.53523	0.64864	0.63768	1.04811	0.88004	0.11375	0.14241
TAG 42:3	0.01261	0.00968	1.09787	0.16106	0.18353	0.16461	0.55765	0.33026	0.27525	0.08734	0.08502	0.02263
TAG 42:4	NA	NA	NA	NA	0.03507	0.00184	0.10288	NA	NA	NA	NA	NA
TAG 43:0	0.03613	0.03466	6.40817	0.83699	0.08084	0.08524	0.07511	0.08694	1.15442	0.49230	0.16501	0.04108
TAG 43:1	0.02401	0.04187	5.25799	1.13243	0.08875	0.13418	0.09743	0.11590	0.60362	0.58328	0.06770	0.07803
TAG 43:2	0.00832	0.01288	1.25337	0.33362	0.04631	0.07578	0.08807	0.08691	0.26496	0.16922	0.04572	0.02505
TAG 43:3	NA	NA	NA	NA	0.01499	0.01450	0.03823	0.01807	NA	NA	NA	NA
TAG 44:0	0.07909	0.13633	NA	NA	NA	NA	0.09332	0.16259	2.00962	1.55637	0.06285	0.10740
TAG 44:1	0.18463	0.58077	33.21373	12.14450	0.32794	0.47188	0.20796	0.32601	4.01408	5.58381	0.50091	1.23701
TAG 44:2	0.10908	0.25964	15.49463	5.24571	0.30429	0.31380	0.16506	0.23785	2.84633	2.60189	0.31431	0.62466
TAG 44:3	0.04499	0.03163	3.91214	0.70059	0.14828	0.08771	0.11653	0.08921	0.91176	0.36873	0.17221	0.06724
TAG 44:4	NA	NA	0.86424	0.01867	0.06650	0.00120	0.08977	NA	0.21717	0.00481	0.04795	0.00033
TAG 45:0	0.02953	0.02637	2.84273	0.40413	0.06041	0.04614	NA	NA	0.60277	0.26086	0.06089	0.02877
TAG 45:1	0.05307	0.07660	10.31842	1.75554	0.12362	0.12128	0.07767	0.08739	1.13860	0.93938	0.14448	0.15702
TAG 45:2	0.02779	0.03444	4.05184	0.76829	0.07618	0.08097	0.04709	0.05368	0.69344	0.41497	0.06586	0.08028
TAG 45:3	NA	NA	0.79947	0.07890	0.02961	0.01504	NA	NA	0.18701	0.03784	NA	NA
TAG 45:4	NA	NA	NA	NA	0.00920	0.00685	NA	NA	NA	NA	NA	NA
TAG 46:0	NA	NA	NA	NA	0.05070	0.06752	NA	NA	NA	NA	NA	NA
TAG 46:1	0.35549	0.93433	44.91783	14.88132	0.38576	0.61780	0.29822	0.42572	7.28233	7.87860	0.94939	1.97218
TAG 46:2	0.37383	0.78399	40.10745	12.54632	0.66935	0.54608	0.24690	0.33489	7.29016	5.97784	0.98190	1.93196
TAG 46:3	0.23407	0.14874	13.17175	1.99505	0.34072	0.15263	0.11456	0.09439	3.19318	1.16161	0.44340	0.38076
TAG 46:4	0.07591	0.00549	4.31771	0.06251	0.15151	0.00786	0.04559	0.00387	1.22342	0.03242	0.15421	0.01554
TAG 46:5	NA	NA	NA	NA	0.03195	0.00183	NA	NA	0.18278	NA	0.03825	NA
TAG 47:0	0.00775	0.00314	NA	NA	0.04531	0.04438	NA	NA	NA	NA	NA	NA
TAG 47:1	0.10195	0.11719	15.99633	2.37251	0.18613	0.15066	0.11070	0.11271	2.08325	1.24467	0.26532	0.21758
TAG 47:2	0.07864	0.08187	9.80404	1.52652	0.16001	0.11334	0.07439	0.07016	1.62378	0.58953	0.20997	0.18958
TAG 47:3	0.04585	0.01280	2.74546	0.18219	0.05710	0.02751	NA	NA	0.62962	0.10279	0.07582	0.03151
TAG 47:4	NA	NA	1.13855	0.28271	0.02520	0.01197	NA	NA	0.25365	0.04620	NA	NA
TAG 48:1	0.43569	0.98770	42.65941	15.24422	0.58987	0.66438	0.56240	0.68831	9.12483	8.94005	0.95047	2.21038
TAG 48:2	0.72134	1.71494	51.04988	16.24224	0.81796	0.53751	0.42638	0.58086	11.35979	4.70460	1.72971	3.61992
TAG 48:3	0.57320	0.67175	29.89260	5.73765	0.48597	0.28292	0.18131	0.17672	6.47910	3.25564	1.11027	1.51551
TAG 48:4	NA	NA	13.99320	0.18086	0.22165	0.02306	0.07308	0.01407	4.12012	0.11826	NA	NA
TAG 48:5	NA	NA	1.72998	0.04419	0.06153	0.00397	NA	NA	0.91119	NA	NA	NA
TAG 48:6	NA	NA	NA	NA	NA	NA	NA	NA	0.09424	0.05290	NA	NA
TAG 49:1	0.11584	0.12580	15.89055	2.40752	0.12126	0.10285	0.16651	0.19239	2.40364	1.23317	0.28433	0.19482
TAG 49:2	0.10990	0.11332	11.74534	1.73599	0.15387	0.11015	0.11770	0.12856	2.07331	0.77186	0.28468	0.24979
TAG 49:3	0.07276	0.03369	5.11047	0.34559	0.08108	0.03237	0.03833	0.02334	1.15160	0.19185	0.14890	0.08476
TAG 49:4	NA	NA	2.48829	0.07449	0.03424	0.00904	NA	NA	0.58554	0.02099	NA	NA
TAG 49:5	NA	NA	0.88645	0.25093	NA	NA	NA	NA	NA	NA	0.04029	0.00743
TAG 50:0	0.01350	NA	NA	NA	NA	NA	NA	NA	NA	NA	NA	NA
TAG 50:1	0.50782	0.96575	12.04024	3.67854	0.21786	0.20390	0.44538	0.55602	3.44461	2.07204	0.76808	1.01568
TAG 50:2	0.75055	1.56617	33.36030	14.67256	0.77102	0.57728	0.52921	0.78406	6.68921	7.15308	1.52831	2.59390
TAG 50:3	1.38042	0.93024	25.94377	4.56694	0.48189	0.29117	0.37845	0.30662	7.30512	2.87634	2.25202	2.54831
TAG 50:4	0.99766	0.14725	19.75633	0.39318	0.47411	0.04035	0.17506	0.06695	6.40650	0.27723	1.43708	0.30080
TAG 50:5	NA	NA	7.44345	0.07942	0.16548	0.00640	0.05425	0.03266	2.22306	0.02620	0.61316	0.03663
TAG 50:6	0.12667	NA	1.45640	0.05220	0.03151	0.00181	NA	NA	0.52000	NA	0.07894	NA
TAG 51:1	0.04399	0.04423	5.99915	1.07050	0.04893	0.04920	0.05428	0.06755	0.96442	0.54268	0.10453	0.05346
TAG 51:2	0.08657	0.08120	6.04856	1.02289	0.09763	0.07031	0.07463	0.08998	1.34843	0.54042	0.15901	0.12946
TAG 51:3	0.10817	0.03564	3.65700	0.24571	0.07227	0.02996	0.03477	0.02534	0.94104	0.12932	0.15422	0.09443
TAG 51:4	NA	NA	NA	NA	0.04627	0.00917	0.01501	0.01533	0.71387	0.01928	0.12834	0.01855
TAG 51:5	NA	NA	0.84583	0.67496	NA	NA	NA	NA	0.13284	0.10523	NA	NA
TAG 51:6	NA	NA	1.95692	0.70697	NA	NA	NA	NA	0.03477	0.04308	NA	NA
TAG 52:0	0.03878	0.03591	NA	NA	0.04318	0.02084	NA	NA	NA	NA	0.05323	0.02402
TAG 52:1	0.11081	0.10396	2.92451	0.51054	NA	0.06574	0.16039	0.21702	0.78906	0.28345	0.10240	0.09041
TAG 52:2	0.85652	1.03332	6.07546	2.84908	1.04056	0.26295	0.52419	0.70848	2.10894	1.77738	1.02497	1.01599
TAG 52:3	1.81883	0.75228	8.69904	1.44399	1.82538	0.14843	0.22269	0.28043	3.43622	1.00143	1.88771	1.59520
TAG 52:4	1.53466	0.16740	11.35181	0.18032	3.15626	0.04327	0.13927	0.11161	5.19811	0.19497	2.14646	0.53695
TAG 52:5	2.15869	0.05143	5.79553	0.10684	0.73742	0.00882	0.05995	0.04109	2.45145	0.04626	1.84474	0.09005
TAG 52:6	1.18122	0.00139	2.20610	0.05272	0.10991	0.00527	0.03685	0.02375	1.04567	0.03003	0.46355	0.00315
TAG 52:7	0.18171	NA	NA	NA	NA	NA	NA	NA	NA	NA	0.04351	NA
TAG 53:1	NA	NA	0.99771	0.16306	0.01210	0.01897	NA	NA	0.16258	0.07561	NA	NA
TAG 53:2	0.01741	0.01643	0.86828	0.19009	0.02929	0.02238	NA	NA	0.18369	0.09607	0.04266	0.02354
TAG 53:3	0.03514	0.01381	1.03478	0.07197	0.05425	0.01319	NA	NA	0.29957	0.03442	0.09095	0.03585
TAG 53:4	0.05827	0.00610	NA	NA	0.05841	0.00495	NA	NA	0.28047	0.00141	0.10061	0.00725
TAG 53:5	NA	NA	1.36555	0.68316	0.02740	0.01296	NA	NA	0.14740	0.12987	0.06572	0.03424
TAG 53:6	NA	NA	1.31606	0.73429	NA	NA	NA	NA	0.05369	0.07759	0.01749	0.03307
TAG 53:7	NA	NA	0.42551	0.24044	NA	NA	NA	NA	NA	NA	NA	NA
TAG 54:1	0.02927	0.01948	NA	NA	NA	0.02815	0.01836	0.02157	0.10609	0.04593	0.05895	0.04953
TAG 54:2	0.07293	0.08015	0.45245	0.12940	0.17069	0.04155	0.05250	0.11752	0.22264	0.08084	0.11099	0.07339
TAG 54:3	0.27274	0.18474	0.70448	0.15755	1.37575	0.06697	0.12856	0.18765	0.43866	0.12941	0.27352	0.32107
TAG 54:4	0.57605	0.07986	0.84672	0.02100	3.63792	0.02676	0.06715	0.07743	0.57735	0.04482	0.64090	0.27242
TAG 54:5	NA	NA	1.61041	0.10983	3.53523	0.01846	0.03508	0.03820	0.86430	0.03531	1.16353	0.05797
TAG 54:6	0.89625	0.00522	1.32456	0.08740	5.61806	0.01112	0.01547	0.01847	0.92340	0.01330	1.44401	0.00559
TAG 54:7	0.52044	NA	NA	NA	1.17591	0.00170	NA	NA	0.16427	0.00188	0.39616	0.00469
TAG 54:8	0.21267	NA	NA	NA	0.19416	NA	NA	NA	NA	NA	0.02588	NA
TAG 54:9	0.03393	0.01179	NA	NA	NA	NA	NA	NA	NA	NA	NA	NA
TAG 55:5	NA	NA	0.44698	0.14803	NA	NA	NA	NA	0.04047	0.03515	NA	NA
TAG 55:6	NA	NA	0.90180	0.66539	NA	NA	NA	NA	0.05561	0.11471	NA	NA
TAG 55:7	NA	NA	0.59844	0.19918	NA	NA	NA	NA	0.05765	0.04202	NA	NA
TAG 55:8	NA	NA	0.38046	0.02153	NA	NA	NA	NA	NA	NA	NA	NA
TAG 56:1	NA	NA	NA	NA	0.01588	0.02486	NA	NA	NA	NA	0.01820	0.00363
TAG 56:2	NA	NA	NA	NA	0.05600	0.02137	0.00486	0.01841	NA	NA	0.02347	0.02215
TAG 56:3	NA	NA	NA	NA	0.07256	0.00532	0.00356	0.05588	NA	NA	0.03848	0.01584
TAG 56:4	NA	NA	NA	NA	0.12644	0.00193	NA	NA	NA	NA	0.05405	0.00524
TAG 56:5	NA	NA	NA	NA	0.08132	0.00174	NA	NA	NA	NA	NA	NA
TAG 56:6	NA	NA	NA	NA	0.02298	0.00335	NA	NA	NA	NA	NA	NA
TAG 58:1	NA	NA	NA	NA	0.00572	0.02184	NA	NA	NA	NA	NA	NA
TAG 58:2	NA	NA	NA	NA	0.03472	0.02637	NA	NA	NA	NA	NA	NA
TAG 58:3	NA	NA	NA	NA	0.04536	0.00267	NA	NA	NA	NA	NA	NA
TAG 58:4	NA	NA	NA	NA	0.10340	0.00079	NA	NA	NA	NA	NA	NA
TAG 58:5	NA	NA	NA	NA	0.02719	0.00067	NA	NA	NA	NA	NA	NA
TAG 58:6	NA	NA	NA	NA	0.00741	0.00231	NA	NA	NA	NA	NA	NA
Zymosterol	NA	1.07020	NA	0.36059	NA	1.46821	NA	4.77886	NA	0.34212	NA	2.02444