BY4741_24	BY4741_37	Elo1_24	Elo1_37	Elo2_24	Elo2_37	Elo3_24	Elo3_37
CL 16:0/16:0/16:1/16:1	NA	NA	0.0067	NA	NA	0.009874	NA	0.003402
CL 16:0/16:0/16:1/18:1	0.1579	0.0862	0.0752	0.07185	0.1216	0.087142	0.1307	0.071286
CL 16:0/16:1/16:1/16:1	NA	NA	NA	NA	0.0319	0.0086	NA	NA
CL 16:0/16:1/18:0/18:1	0.0225	0.0109	0.0171	0.00971	0.0682	0.03616	0.0044	0.002372
CL 16:0/18:0/18:1/18:1	0.1534	0.1297	0.0856	0.12314	0.1908	0.158285	0.11	0.069151
CL 16:1/16:1/16:1/16:1	0.1191	0.0943	0.0874	0.10705	0.0254	NA	0.188	0.188065
CL 16:1/16:1/16:1/18:1	0.2516	0.4008	NA	0.37439	0.1037	0.10277	0.2849	0.352736
CL 16:1/16:1/18:1/18:1	0.1745	0.5435	0.1533	0.53201	0.1823	0.306938	0.1615	0.211797
CL 16:1/18:1/18:1/18:1	0.0687	0.338	0.06	0.4072	0.1468	0.277402	0.036	0.076191
CL 18:0/18:1/18:1/18:1	0.0028	0.0018	NA	NA	0.005	0.008693	0.0006	NA
CL 18:1/18:1/18:1/18:1	0.0023	0.0398	0.0019	0.10634	0.0221	0.061197	NA	0.00123
Cer 18:0;3/16:0;0	NA	NA	NA	NA	0.0311	0.0084	0.016	NA
Cer 18:0;3/18:0;1	NA	NA	NA	NA	0.0045	0.005164	NA	NA
Cer 18:0;3/20:0;1	NA	NA	NA	NA	NA	NA	0.0094	NA
Cer 18:0;3/22:0;0	NA	NA	NA	NA	NA	NA	0.0222	0.040777
Cer 18:0;3/22:0;1	NA	NA	NA	NA	NA	NA	0.0781	0.108509
Cer 18:0;3/24:0;1	NA	0.0052	0.0138	NA	0.0412	0.013064	0.0294	0.007902
Cer 18:0;3/26:0;0	NA	0.0103	NA	0.00499	NA	NA	NA	NA
Cer 18:0;3/26:0;1	0.0693	0.1439	0.1745	0.1485	0.0148	0.069065	NA	NA
Cer 20:0;3/26:0;1	NA	0.0226	0.023	0.03217	NA	NA	NA	NA
DAG 12:0/16:0	0.1048	0.0116	0.0366	0.017	0.0401	0.029723	0.0507	0.021149
DAG 12:0/16:1	0.0362	NA	NA	NA	0.0423	0.005868	0.1392	0.008471
DAG 14:0/16:0	0.0136	0.0049	0.0229	0.03515	0.0077	0.011049	NA	0.005013
DAG 14:0/16:1	0.1368	NA	0.1272	0.10623	0.0657	0.020635	0.2123	0.06731
DAG 14:1/16:1	NA	NA	NA	NA	NA	NA	0.0373	NA
DAG 16:0/16:0	NA	0.0194	NA	0.00845	NA	0.019976	NA	NA
DAG 16:0/16:1	0.7575	0.5447	0.4285	0.56967	0.4439	0.548412	0.4904	0.6387
DAG 16:0/18:1	0.6877	0.8589	0.4448	0.85786	0.8411	1.031927	0.3929	0.519556
DAG 16:1/16:1	0.8665	0.3798	0.3409	0.36553	0.5152	0.387225	0.9934	0.859012
DAG 16:1/18:1	0.8309	0.6442	0.3777	0.72964	1.0266	0.86084	0.714	0.825597
DAG 18:0/18:1	0.1532	0.2369	0.121	0.33174	0.4762	0.502308	0.0523	0.013492
DAG 18:1/18:1	0.0206	0.0181	0.0098	0.03292	0.1904	0.086252	0.0064	0.012969
Ergostadienol	2.3552	NA	1.0855	NA	NA	NA	1.6858	NA
Ergosterol	11.979	13.18	12.639	12.7983	10.906	13.75242	9.0739	12.27311
IPC 18:0;2/20:0;0	NA	NA	NA	0.00061	NA	NA	NA	NA
IPC 18:0;3/16:0;0	NA	NA	NA	NA	0.5441	0.24088	0.2683	0.247572
IPC 18:0;3/16:0;1	NA	NA	NA	NA	0.0712	0.079617	0.0371	0.062647
IPC 18:0;3/18:0;0	NA	NA	NA	NA	0.416	0.381782	0.0681	0.266651
IPC 18:0;3/18:0;1	NA	NA	NA	NA	0.2629	0.2356	0.0388	0.092749
IPC 18:0;3/20:0;0	NA	NA	NA	NA	0.0169	0.169607	0.2853	0.273194
IPC 18:0;3/20:0;1	NA	NA	NA	NA	0.0154	0.159651	0.345	0.459495
IPC 18:0;3/22:0;0	NA	NA	NA	NA	0.0009	NA	2.0851	1.158884
IPC 18:0;3/22:0;1	NA	NA	NA	NA	NA	0.011975	4.1768	3.762778
IPC 18:0;3/22:0;2	NA	NA	NA	NA	NA	NA	0.03	0.046137
IPC 18:0;3/24:0;0	NA	NA	0.0042	NA	0.0929	0.06624	0.1325	0.907387
IPC 18:0;3/24:0;1	0.0926	0.0521	0.2686	0.04138	0.2377	0.323955	0.3305	2.386949
IPC 18:0;3/24:0;2	NA	NA	NA	NA	NA	0.017105	0.0078	0.035265
IPC 18:0;3/26:0;0	0.0475	0.0923	0.1444	0.0839	0.0983	0.169894	0.0053	NA
IPC 18:0;3/26:0;1	0.6338	1.117	2.2818	0.98123	0.2915	1.037225	NA	NA
IPC 18:0;3/26:0;2	0.0874	0.4329	0.297	0.4309	0.0339	0.12765	NA	NA
IPC 20:0;3/24:0;0	NA	NA	NA	NA	NA	NA	NA	0.027368
IPC 20:0;3/24:0;1	NA	NA	NA	NA	NA	NA	NA	0.125819
IPC 20:0;3/26:0;0	NA	0.044	0.0209	0.04446	NA	0.017613	NA	NA
IPC 20:0;3/26:0;1	0.0039	0.3863	0.3066	0.46521	NA	0.128817	NA	NA
IPC 20:0;3/26:0;2	NA	0.0107	NA	0.00565	NA	NA	NA	NA
LCB 16:0;3	NA	NA	NA	NA	NA	NA	0.0514	NA
LCB 18:0;3	0.0631	0.0045	NA	NA	3.8245	1.340985	4.8715	1.928863
LCB 20:0;3	NA	NA	NA	NA	0.0084	0.510396	NA	0.469676
LCBP 18:0;3	NA	NA	NA	NA	0.4331	NA	0.2889	NA
LIPC 18:0;3	NA	NA	NA	NA	0.0164	0.001696	0.0284	0.003479
LPA 14:0	NA	NA	NA	0.00415	NA	NA	NA	NA
LPA 16:0	0.0499	0.0813	0.0648	0.05746	0.0015	0.021625	NA	0.013808
LPA 16:1	0.2502	0.1998	0.2203	0.15611	0.2267	0.234235	0.2164	0.279715
LPA 18:1	0.0783	0.1714	0.1014	0.12272	0.154	0.166695	0.0197	0.089449
LPC 14:0	0.0021	NA	0.0013	0.03452	NA	NA	NA	0.003574
LPC 16:0	0.0387	0.1418	0.0732	0.06986	0.002	0.08688	NA	0.050829
LPC 16:1	1.0216	0.6066	0.3323	0.41034	0.8248	0.453342	0.7254	0.76814
LPC 18:0	NA	0.0053	0.0402	0.00228	NA	NA	NA	NA
LPC 18:1	0.4912	0.5355	0.2448	0.42039	0.7673	0.500115	0.18	0.275708
LPE 14:0	0.0031	NA	NA	NA	NA	NA	NA	NA
LPE 16:0	0.0108	NA	0.107	0.00289	NA	NA	NA	NA
LPE 16:1	0.6818	0.1462	0.1719	0.08056	0.2941	0.149813	0.5471	0.29671
LPE 18:0	NA	NA	NA	NA	NA	0.005044	NA	0.001293
LPE 18:1	0.5441	0.2655	0.1948	0.12298	0.4778	0.352563	0.3082	0.312693
LPI 12:0	0.0038	NA	NA	NA	0.001	0.000438	0.0187	0.018315
LPI 14:0	NA	NA	NA	0.00367	NA	NA	0.004	0.003589
LPI 14:1	0.0004	NA	NA	NA	NA	NA	0.0265	0.004453
LPI 16:0	0.0774	0.12	0.4128	0.0928	0.1837	0.175313	0.1628	0.225437
LPI 16:1	0.1569	0.1508	0.0106	0.08977	0.1105	0.092921	0.24	0.456008
LPI 18:0	0.0221	0.0366	0.4808	0.03431	0.27	0.158807	0.1157	0.093414
LPI 18:1	0.1196	0.2273	0.0159	0.16399	0.2146	0.199652	0.1418	0.313463
LPI 22:0	NA	NA	NA	NA	NA	NA	0.075	0.043092
LPS 16:0	NA	NA	0.0194	NA	NA	NA	NA	NA
LPS 18:1	NA	0.0077	NA	NA	NA	0.009328	NA	0.002666
MIP2C 18:0;2/20:0;0	NA	NA	NA	NA	NA	NA	NA	0.000971
MIP2C 18:0;2/22:0;0	NA	NA	NA	NA	NA	NA	0.002	0.009703
MIP2C 18:0;3/16:0;1	NA	NA	NA	NA	NA	0.000751	NA	NA
MIP2C 18:0;3/18:0;1	NA	NA	NA	NA	NA	0.000865	NA	NA
MIP2C 18:0;3/20:0;0	NA	NA	NA	NA	NA	NA	0.032	0.010039
MIP2C 18:0;3/20:0;1	NA	NA	NA	NA	NA	NA	0.0404	0.043746
MIP2C 18:0;3/22:0;0	NA	NA	NA	NA	NA	NA	0.3007	0.179124
MIP2C 18:0;3/22:0;1	NA	NA	NA	NA	NA	NA	0.6548	0.583173
MIP2C 18:0;3/24:0;0	0.0036	NA	0.0388	NA	0.075	0.002716	0.2188	0.317474
MIP2C 18:0;3/24:0;1	0.0656	0.0022	0.1334	0.00359	0.2236	0.116341	0.7663	1.046862
MIP2C 18:0;3/26:0;0	0.5826	0.3312	1.1417	0.26671	1.434	0.546911	NA	NA
MIP2C 18:0;3/26:0;1	8.8928	4.3958	16.666	3.73586	5.2556	4.126691	NA	NA
MIP2C 18:0;3/26:0;2	0.048	0.1293	0.103	0.11257	0.0137	0.033588	NA	NA
MIP2C 20:0;3/24:0;0	NA	NA	NA	NA	NA	NA	0.0021	0.079311
MIP2C 20:0;3/24:0;1	NA	NA	NA	NA	NA	NA	0.0355	0.485613
MIP2C 20:0;3/26:0;0	0.0111	0.3137	0.0625	0.30904	0.0513	0.390095	NA	NA
MIP2C 20:0;3/26:0;1	0.1681	3.0099	0.6331	3.26103	0.1296	1.75836	NA	NA
MIP2C 20:0;3/26:0;2	NA	0.0047	NA	0.00698	NA	NA	NA	NA
MIPC 18:0;3/22:0;1	NA	NA	NA	NA	NA	NA	0.0912	0.121998
MIPC 18:0;3/22:0;2	NA	NA	NA	NA	NA	0.001729	NA	NA
MIPC 18:0;3/24:0;0	NA	NA	0.0021	NA	NA	NA	NA	NA
MIPC 18:0;3/24:0;1	0.0061	NA	NA	NA	NA	0.030127	0.0352	0.100603
MIPC 18:0;3/26:0;0	0.0751	0.0322	0.0533	0.03417	0.003	0.102966	NA	NA
MIPC 18:0;3/26:0;1	1.5455	1.0356	2.1092	1.00644	0.095	1.095032	NA	NA
MIPC 18:0;3/26:0;2	NA	0.1387	NA	0.14975	NA	NA	NA	NA
MIPC 20:0;3/26:0;0	NA	0.0026	NA	0.00892	NA	0.019565	NA	NA
MIPC 20:0;3/26:0;1	NA	0.528	0.1772	0.68238	NA	0.335869	NA	NA
PA 12:0/16:0	0.1126	0.1164	0.0803	0.1321	0.0362	0.03855	0.0566	0.111008
PA 12:0/16:1	0.2207	0.0552	0.1366	0.05754	0.0987	0.037831	0.2946	0.124937
PA 14:0/16:1	0.2342	0.0756	0.3057	0.26553	0.0614	0.043109	0.1971	0.169977
PA 14:1/16:0	0.0537	0.0099	0.0986	0.07496	0.0196	NA	0.0601	0.031192
PA 16:0/16:0	0.0043	0.153	NA	0.11999	0.0041	0.025282	NA	0.080581
PA 16:0/16:1	1.1589	1.2183	0.8389	0.88948	0.3115	0.514821	0.4657	0.923962
PA 16:0/18:1	0.7563	1.0998	0.7815	0.99001	0.382	0.650206	0.184	0.41539
PA 16:1/16:1	2.4128	1.2704	1.9797	1.08211	1.8201	1.56584	3.0613	3.137766
PA 16:1/18:1	3.038	3.0792	3.0215	3.23625	3.8926	4.298502	3.2346	4.495675
PA 18:0/16:1	0.0928	0.0808	0.0318	0.09851	0.0539	0.052731	0.0457	0.064475
PA 18:0/18:1	0.0566	0.1084	0.0833	0.04699	0.0796	0.051663	0.0189	0.02965
PA 18:1/18:1	0.2006	0.289	0.1874	0.3139	0.369	0.284423	0.1521	0.23336
PC 10:0/16:0	0.0383	0.0833	0.0391	0.09203	0.0095	0.05538	0.018	0.057654
PC 10:0/16:1	0.2149	0.1287	0.1106	0.12401	0.1439	0.067779	0.2165	0.115753
PC 12:0/16:0	0.0709	0.2298	0.0823	0.27112	0.0391	0.111873	0.0564	0.199804
PC 12:0/16:1	0.3773	0.3161	0.2729	0.36671	0.1904	0.144272	0.5103	0.300336
PC 14:0/16:0	0.0293	0.1312	0.0508	0.29131	0.0264	0.063613	0.0255	0.158793
PC 14:0/16:1	0.4959	0.3949	0.7494	1.54349	0.2232	0.265872	0.5516	0.704726
PC 14:1/16:1	0.2697	0.0347	0.3954	0.25591	0.1689	0.028825	0.7452	0.164443
PC 16:0/16:0	0.0432	0.0698	0.0341	0.09427	0.0303	0.051088	0.0232	0.050764
PC 16:0/16:1	1.4192	3.224	1.5116	2.80182	0.5985	2.481997	0.6761	3.074376
PC 16:0/18:0	NA	NA	NA	NA	0.0113	NA	0.0121	NA
PC 16:0/18:1	0.5334	2.396	0.7611	2.12728	0.3042	1.885125	0.112	1.124825
PC 16:1/16:1	5.7211	4.0642	3.8669	3.65482	4.6582	2.495093	6.6139	4.903473
PC 16:1/18:1	4.6329	5.4589	3.6392	5.90783	6.4662	4.08197	4.4125	3.825063
PC 18:0/18:0	0.0343	0.0379	0.0292	0.03164	0.0094	0.019484	0.024	0.033788
PC 18:0/18:1	0.0573	0.5006	0.1243	0.56381	0.0195	0.356015	0.02	0.171661
PC 18:1/18:1	0.3229	0.5745	0.3025	0.66358	0.9296	0.627182	0.2614	0.296416
PE 12:0/16:0	0.05	NA	0.0378	NA	NA	NA	NA	NA
PE 12:0/16:1	0.5454	0.063	0.3252	0.1445	0.1647	0.052986	0.523	0.076515
PE 14:0/16:1	0.2851	NA	0.3546	0.36468	0.0324	0.037457	0.1628	0.053139
PE 14:1/16:0	0.0464	NA	0.0893	NA	NA	NA	NA	NA
PE 16:0/16:0	NA	NA	NA	0.01174	NA	NA	NA	NA
PE 16:0/16:1	0.7261	0.5516	0.5819	0.46725	NA	0.392761	0.0851	0.083002
PE 16:0/18:1	0.4345	0.2842	0.3727	0.30817	0.0678	0.303466	NA	0.098035
PE 16:1/16:1	6.6147	2.7385	4.0854	2.66317	3.7186	2.820811	7.6978	4.833372
PE 16:1/18:1	5.7824	3.466	4.2472	4.46793	6.2327	5.485277	5.4263	4.053017
PE 18:0/18:1	NA	NA	NA	0.04444	NA	0.063948	NA	NA
PE 18:1/18:1	0.3621	0.1927	0.3796	0.31906	0.8237	0.831623	0.3533	0.254837
PG 16:0/16:1	0.0201	0.0109	0.0208	0.01535	NA	0.007056	0.006	0.012476
PG 16:0/18:1	NA	0.0088	0.0156	0.00722	0.0204	0.024616	0.0063	0.01276
PG 16:1/16:1	0.0225	0.022	0.0279	0.02725	0.014	0.02008	0.0188	0.025096
PG 16:1/18:1	0.014	NA	0.0241	NA	0.0065	0.008386	NA	NA
PG 18:0/18:1	NA	NA	0.0052	NA	NA	NA	NA	NA
PG 18:1/18:1	NA	NA	NA	NA	0.0023	0.002792	NA	NA
PI 10:0/16:0	0.9084	0.4634	0.4109	0.26543	0.5192	0.385816	0.9771	0.406079
PI 10:0/16:1	0.1014	NA	0.054	0.0127	0.0611	NA	0.1929	NA
PI 10:0/18:0	0.226	0.0915	0.1277	0.06403	0.2552	0.137012	0.2407	0.08593
PI 12:0/14:0	0.102	NA	0.1181	0.06217	0.0626	NA	0.2385	0.04855
PI 12:0/16:0	1.6092	0.8969	1.2443	0.82349	1.1427	0.85775	1.7289	1.371252
PI 12:0/16:1	0.2368	0.067	0.149	0.06409	0.1387	0.042459	0.555	0.147081
PI 12:0/18:0	0.3209	0.1832	0.4148	0.2145	0.4457	0.317961	0.3733	0.292337
PI 14:0/14:0	0.0227	NA	0.054	0.10937	0.0155	NA	0.0205	0.031926
PI 14:0/14:1	0.0266	NA	0.0837	0.04239	0.0189	NA	0.1265	NA
PI 14:0/16:0	0.2105	0.3952	0.3067	1.30756	0.1076	0.295021	0.1266	0.692269
PI 14:0/16:1	0.4716	0.1465	0.4405	0.58327	0.2875	0.110201	1.0375	0.382945
PI 14:0/18:1	0.2629	0.1227	0.3582	0.89749	0.4306	0.174301	0.5125	0.233178
PI 14:1/16:0	0.5254	0.0879	0.6314	0.64288	0.3726	0.098727	1.3399	0.40263
PI 14:1/16:1	0.0648	NA	0.0525	0.06257	0.0449	NA	0.247	0.056905
PI 14:1/18:0	0.1205	0.0099	0.2043	0.1765	0.1761	0.046507	0.3371	0.09898
PI 16:0/16:0	0.0784	0.5501	0.1051	0.34301	0.0791	0.309273	0.0948	0.410878
PI 16:0/16:1	5.8671	8.7331	3.9612	6.17713	5.714	6.726855	7.539	9.096001
PI 16:0/18:1	4.0031	10.789	3.7741	9.8599	8.2637	10.7296	4.3993	6.298052
PI 16:1/16:1	1.1401	1.0984	0.7231	0.87915	0.8132	0.597791	1.8172	1.231868
PI 16:1/18:1	0.828	1.4572	0.6721	1.60373	1.3904	0.970889	1.3518	0.947688
PI 18:0/16:1	2.0516	2.6049	1.6868	2.32483	3.6186	3.525365	2.5286	2.710271
PI 18:0/18:1	0.994	2.4032	1.0918	2.80335	4.1124	4.094819	1.0233	1.269424
PI 18:1/18:1	0.0746	0.1326	0.0846	0.16782	0.361	0.192378	0.1435	0.122354
PS 12:0/16:0	0.0051	0.0052	0.009	NA	NA	NA	NA	NA
PS 12:0/16:1	0.0295	0.0138	0.0332	0.0279	0.0115	0.012559	0.0441	0.052946
PS 14:0/16:1	NA	0.0085	0.0449	0.05997	NA	0.006623	0.0099	0.029372
PS 14:1/16:0	NA	NA	NA	0.00734	NA	NA	NA	NA
PS 16:0/16:0	0.0046	0.0213	0.0041	0.01355	NA	NA	NA	0.007056
PS 16:0/16:1	0.2458	0.3169	0.2796	0.22712	0.0399	0.123209	0.0445	0.100839
PS 16:0/18:1	0.2512	0.3812	0.4143	0.34885	0.0594	0.185464	0.0208	0.055579
PS 16:1/16:1	0.402	0.5466	0.2865	0.43892	0.2955	0.638683	0.5451	0.77837
PS 16:1/18:1	0.844	1.6175	0.8351	1.84641	1.2123	2.548383	0.8268	1.374408
PS 18:0/18:1	0.0056	NA	NA	NA	NA	0.008803	NA	NA
PS 18:1/18:1	0.014	0.0139	0.0131	0.01982	0.0216	0.02559	0.0071	0.011475
TAG 12:0/12:0/18:1	0.0075	NA	0.0164	NA	0.0048	NA	0.0101	NA
TAG 12:0/14:0/16:0	0.0738	NA	0.0559	NA	0.0349	NA	0.0011	NA
TAG 12:0/14:0/16:1	0.1325	NA	0.1128	NA	0.0548	0.001986	0.0577	NA
TAG 12:0/14:1/16:1	0.0306	NA	0.044	NA	NA	NA	0.0401	NA
TAG 12:0/14:1/22:0	0.0038	NA	0.0111	NA	0.0049	NA	0.0044	NA
TAG 12:0/16:0/16:0	0.0964	0.003	0.0879	NA	0.0717	0.009726	NA	0.003581
TAG 12:0/16:0/16:1	0.2116	NA	0.2429	NA	0.1314	0.016981	0.0938	0.014997
TAG 12:0/16:0/18:1	0.0388	NA	0.0494	0.00745	0.0388	0.005842	0.0123	0.007618
TAG 12:0/16:1/16:1	0.1077	NA	0.1737	NA	0.0626	NA	0.1115	NA
TAG 12:0/16:1/18:1	0.0304	NA	0.0693	NA	0.0372	0.000887	0.0236	NA
TAG 12:0/16:1/22:0	NA	NA	NA	NA	NA	NA	0.01	0.003611
TAG 14:0/16:0/16:0	0.0147	NA	0.0311	NA	0.0219	NA	NA	NA
TAG 14:0/16:0/16:1	0.1653	0.0066	0.2216	0.04573	0.123	0.014784	0.0628	0.041607
TAG 14:0/16:0/18:1	0.0423	0.0105	0.0696	0.0279	0.0537	0.011322	0.017	0.017521
TAG 14:0/16:1/16:1	0.1902	NA	0.323	0.03271	0.1146	0.002662	0.1428	0.02587
TAG 14:0/16:1/18:1	0.0824	0.0124	0.1583	0.03762	0.0856	0.015488	0.0444	0.025466
TAG 14:0/16:1/22:0	NA	NA	NA	NA	NA	NA	0.0089	0.009548
TAG 14:0/16:1/26:0	0.0169	NA	NA	0.00167	NA	NA	NA	NA
TAG 14:0/18:0/18:1	0.0385	0.0274	0.0539	0.02479	0.0553	0.03138	0.0118	0.016162
TAG 14:0/18:1/20:0	0.0044	NA	0.0025	NA	NA	NA	0.0037	0.010833
TAG 14:0/18:1/22:0	NA	NA	0.002	NA	NA	NA	0.0144	0.03864
TAG 14:1/16:1/16:1	0.0173	NA	0.0672	NA	0.0022	NA	0.0377	NA
TAG 14:1/16:1/18:1	0.0151	NA	0.0503	0.00182	0.0166	NA	0.0191	NA
TAG 14:1/16:1/22:0	NA	NA	NA	NA	NA	NA	0.0065	NA
TAG 16:0/16:0/16:0	NA	NA	0.0022	NA	0.0012	NA	NA	NA
TAG 16:0/16:0/16:1	0.2911	0.1355	0.2585	0.07592	0.2065	0.121121	0.0625	0.127108
TAG 16:0/16:1/16:1	0.7949	0.2301	0.8395	0.14301	0.4883	0.199691	0.2448	0.297592
TAG 16:0/16:1/18:0	0.2303	0.1551	0.2195	0.07912	0.236	0.16287	0.0428	0.09159
TAG 16:0/16:1/18:1	0.3436	0.1681	0.4677	0.10605	0.3899	0.190204	0.0835	0.117285
TAG 16:0/16:1/22:0	0.0087	NA	0.0089	NA	NA	NA	0.0194	0.063898
TAG 16:0/16:1/24:0	0.0112	0.0056	NA	NA	NA	NA	NA	NA
TAG 16:0/16:1/26:0	0.0401	0.0257	0.0366	0.02625	NA	0.001865	NA	NA
TAG 16:0/18:0/18:1	0.063	0.0916	0.042	0.04225	0.1079	0.081154	0.0154	0.030662
TAG 16:0/18:1/18:1	0.121	0.0854	0.2236	0.05164	0.2539	0.118102	0.0304	0.037296
TAG 16:0/18:1/20:0	0.002	NA	0.002	NA	NA	NA	NA	0.008033
TAG 16:0/18:1/22:0	NA	NA	NA	NA	NA	NA	0.0054	0.044521
TAG 16:0/18:1/24:0	0.0095	0.0032	0.0034	NA	NA	NA	NA	NA
TAG 16:0/18:1/26:0	0.032	0.0365	0.0139	0.01876	NA	NA	NA	NA
TAG 16:1/16:1/16:1	0.6079	0.0838	1.0203	0.05726	0.3454	0.108048	0.3379	0.220083
TAG 16:1/16:1/18:0	0.4207	0.17	0.519	0.10967	0.4433	0.173993	0.1019	0.12592
TAG 16:1/16:1/18:1	0.6209	0.1461	1.3428	0.12298	0.6785	0.210566	0.2695	0.191456
TAG 16:1/16:1/20:0	0.0072	NA	0.01	NA	NA	NA	0.0071	0.013133
TAG 16:1/16:1/22:0	0.0152	0.006	0.0219	0.00452	NA	NA	0.1063	0.072594
TAG 16:1/16:1/24:0	0.0181	NA	0.0034	0.00091	NA	NA	0.0193	0.027022
TAG 16:1/16:1/26:0	0.0752	0.0552	0.0456	0.03596	NA	NA	NA	NA
TAG 16:1/18:0/18:0	0.0702	0.0772	0.0417	0.04002	0.103	0.069052	0.023	0.035402
TAG 16:1/18:0/18:1	0.171	0.1109	0.2541	0.07888	0.2961	0.134289	0.0513	0.060474
TAG 16:1/18:1/18:1	0.1737	0.048	0.5102	0.0481	0.4178	0.10405	0.0633	0.023324
TAG 16:1/18:1/20:0	0.0068	0.0027	0.0059	NA	NA	NA	0.0063	0.006403
TAG 16:1/18:1/22:0	NA	NA	0.0013	NA	NA	NA	0.0393	0.053959
TAG 16:1/18:1/24:0	0.0053	NA	0.0062	NA	NA	NA	NA	NA
TAG 16:1/18:1/26:0	0.0469	0.0716	0.0193	0.05355	NA	NA	NA	NA
TAG 18:0/18:0/18:0	0.0017	NA	0.0014	0.00147	NA	NA	NA	NA
TAG 18:0/18:0/18:1	0.0251	0.0296	0.0391	0.00959	0.0476	0.024977	0.0058	0.013139
TAG 18:0/18:1/18:1	0.0473	0.0219	0.097	0.01741	0.1537	0.073094	0.0178	0.008872
TAG 18:0/18:1/26:0	0.0019	NA	NA	0.00953	NA	NA	NA	NA
TAG 18:1/18:1/18:1	0.013	NA	0.0818	NA	0.0876	0.005585	0.0037	0.00148
TAG 18:1/18:1/26:0	NA	NA	NA	0.00075	NA	NA	NA	NA